18.33333333333333333333 4.66666666666666666666 16.00000000000000000000 20.66666666666666666666 26.00000000000000000000 13.66666666666666666666
10.66666666666666666666 17.33333333333333333333 31.33333333333333333333 3.66666666666666666666 5.66666666666666666666 27.66666666666666666666
27.66666666666666666666 4.33333333333333333333 20.33333333333333333333 23.00000000000000000000 14.66666666666666666666 13.00000000000000000000
25.66666666666666666666 11.33333333333333333333 11.33333333333333333333 .66666666666666666666 31.00000000000000000000 8.00000000000000000000
8.33333333333333333333 9.33333333333333333333 16.33333333333333333333 30.66666666666666666666 1.00000000000000000000 2.66666666666666666666
14.66666666666666666666 29.00000000000000000000 21.00000000000000000000 20.66666666666666666666 7.66666666666666666666 32.66666666666666666666
30.00000000000000000000 6.66666666666666666666 2.00000000000000000000 26.33333333333333333333 10.66666666666666666666 10.00000000000000000000
24.33333333333333333333 30.33333333333333333333 13.66666666666666666666 12.00000000000000000000 0 31.00000000000000000000
21.00000000000000000000 32.00000000000000000000 5.66666666666666666666 18.66666666666666666666 10.00000000000000000000 27.00000000000000000000
12.33333333333333333333 18.66666666666666666666 11.66666666666666666666 30.00000000000000000000 23.00000000000000000000 11.66666666666666666666
10.66666666666666666666 18.00000000000000000000 29.00000000000000000000 20.33333333333333333333 27.00000000000000000000 33.00000000000000000000
7.00000000000000000000 25.66666666666666666666 15.66666666666666666666 18.00000000000000000000 33.00000000000000000000 12.00000000000000000000
31.00000000000000000000 2.33333333333333333333 28.33333333333333333333 4.00000000000000000000 22.33333333333333333333 5.33333333333333333333
21.66666666666666666666 17.66666666666666666666 9.00000000000000000000 19.66666666666666666666 32.66666666666666666666 31.33333333333333333333
7.66666666666666666666 2.33333333333333333333 19.66666666666666666666 6.33333333333333333333 25.00000000000000000000 4.33333333333333333333
15.66666666666666666666 22.66666666666666666666 26.33333333333333333333 27.66666666666666666666 27.00000000000000000000 28.66666666666666666666
17.00000000000000000000 16.33333333333333333333 28.00000000000000000000 32.00000000000000000000 23.66666666666666666666 31.33333333333333333333
7.66666666666666666666 33.00000000000000000000 3.00000000000000000000 5.66666666666666666666 18.33333333333333333333 23.33333333333333333333
16.33333333333333333333 26.33333333333333333333 20.66666666666666666666 17.00000000000000000000 2.00000000000000000000 32.00000000000000000000
18.66666666666666666666 5.33333333333333333333 17.00000000000000000000 6.00000000000000000000 3.66666666666666666666 7.66666666666666666666
32.66666666666666666666 0 26.00000000000000000000 26.66666666666666666666 25.00000000000000000000 17.66666666666666666666
25.66666666666666666666 10.00000000000000000000 19.33333333333333333333 13.66666666666666666666 28.66666666666666666666 5.66666666666666666666
31.00000000000000000000 13.33333333333333333333 20.66666666666666666666 12.33333333333333333333 30.66666666666666666666 6.66666666666666666666
10.00000000000000000000 28.66666666666666666666 21.00000000000000000000 15.00000000000000000000 23.33333333333333333333 33.00000000000000000000
.66666666666666666666 21.00000000000000000000 29.66666666666666666666 13.66666666666666666666 31.66666666666666666666 28.00000000000000000000
25.66666666666666666666 3.33333333333333333333 29.00000000000000000000 8.00000000000000000000 .66666666666666666666 28.66666666666666666666
14.33333333333333333333 5.66666666666666666666 27.33333333333333333333 7.00000000000000000000 17.33333333333333333333 4.00000000000000000000
11.00000000000000000000 21.66666666666666666666 32.66666666666666666666 12.66666666666666666666 6.33333333333333333333 3.33333333333333333333
17.33333333333333333333 5.66666666666666666666 22.66666666666666666666 8.66666666666666666666 20.33333333333333333333 1.66666666666666666666
13.00000000000000000000 31.33333333333333333333 13.33333333333333333333 33.00000000000000000000 16.00000000000000000000 6.66666666666666666666
19.33333333333333333333 26.33333333333333333333 26.33333333333333333333 23.00000000000000000000 23.66666666666666666666 21.33333333333333333333
2.00000000000000000000 4.00000000000000000000 32.33333333333333333333 1.33333333333333333333 5.33333333333333333333 32.66666666666666666666
26.33333333333333333333 0 13.33333333333333333333 27.66666666666666666666 16.33333333333333333333 21.66666666666666666666
17.00000000000000000000 4.33333333333333333333 9.66666666666666666666 28.00000000000000000000 20.66666666666666666666 9.66666666666666666666
20.00000000000000000000 11.33333333333333333333 4.00000000000000000000 .33333333333333333333 4.00000000000000000000 10.66666666666666666666
12.00000000000000000000 30.66666666666666666666 5.00000000000000000000 14.66666666666666666666 27.33333333333333333333 20.00000000000000000000
2.00000000000000000000 3.33333333333333333333 24.00000000000000000000 7.33333333333333333333 20.66666666666666666666 20.66666666666666666666
23.00000000000000000000 32.66666666666666666666 1.00000000000000000000 11.33333333333333333333 5.33333333333333333333 20.33333333333333333333
7.00000000000000000000 8.33333333333333333333 .66666666666666666666 8.00000000000000000000 31.00000000000000000000 15.00000000000000000000
27.33333333333333333333 6.00000000000000000000 .66666666666666666666 26.33333333333333333333 17.00000000000000000000 24.33333333333333333333
31.00000000000000000000 19.00000000000000000000 25.00000000000000000000 17.33333333333333333333 25.66666666666666666666 9.00000000000000000000
3.33333333333333333333 20.33333333333333333333 31.00000000000000000000 26.33333333333333333333 24.66666666666666666666 22.33333333333333333333
2.00000000000000000000 15.00000000000000000000 31.33333333333333333333 22.33333333333333333333 22.66666666666666666666 21.00000000000000000000
.66666666666666666666 18.00000000000000000000 2.66666666666666666666 10.66666666666666666666 28.66666666666666666666 16.33333333333333333333
20.00000000000000000000 17.33333333333333333333 7.33333333333333333333 .33333333333333333333 6.33333333333333333333 24.33333333333333333333
26.00000000000000000000 23.33333333333333333333 29.00000000000000000000 29.00000000000000000000 13.00000000000000000000 28.66666666666666666666
0 22.00000000000000000000 29.66666666666666666666 20.33333333333333333333 9.33333333333333333333 14.00000000000000000000
28.33333333333333333333 12.00000000000000000000 27.00000000000000000000 15.00000000000000000000 16.33333333333333333333 26.66666666666666666666
32.00000000000000000000 10.33333333333333333333 27.33333333333333333333 10.66666666666666666666 29.33333333333333333333 5.00000000000000000000
23.33333333333333333333 31.66666666666666666666 1.00000000000000000000 17.66666666666666666666 10.33333333333333333333 16.00000000000000000000
