0.7852042006352319 
0.9064371362420979 
0.7988350219729219 
0.28599376968417445 
0.8793821470648884 
0.13047216124250094 
0.428576128308614 
0.2034201629030663 
0.8319387087019714 
0.688686459774064 
0.27829120412796515 
0.7346571444182223 
0.09518030562290603 
0.1577577720910095 
0.6517489222615273 
0.8779519012461415 
0.17027550803878244 
0.04014573083885686 
0.5499652025537501 
0.09919718090455998 
0.29754211830466104 
0.9816298982030792 
0.9539024029023011 
0.4834964305807957 
0.3223869886682892 
0.5789603145533265 
0.43296002913337084 
0.4903970072787288 
0.3324206459876451 
0.6307089331628561 
0.601560596335703 
0.28879008242224613 
0.9322435529977695 
0.7962904627213827 
0.19518303258799752 
0.4187703169108138 
0.03392974732050846 
0.8899808827448773 
0.8289452849840178 
0.17820784052304894 
0.05830271282413413 
0.8996171031598186 
0.0350731140229531 
0.47115873771813765 
0.6505059722105252 
0.3214115980740786 
0.40057061470092503 
0.05512029464764012 
0.2674248745703085 
0.44489166280807535 
0.9018634477954096 
0.8006665786466042 
0.19732597835731225 
0.9913916761988625 
0.46955207495059037 
0.2566392914432708 
0.8420731177825781 
0.30731855915144457 
0.8568835236453153 
0.4496047241348897 
0.2694627261427839 
0.5172991797886874 
0.5034022297344631 
0.6415182543993095 
0.1791423094629866 
0.04794156402594718 
0.03365947012501047 
0.26599309174254115 
0.7228388954192969 
0.925928030263564 
0.29328782406794884 
0.8614284517228441 
0.674856295362245 
0.21080948578241754 
0.4355695893954541 
0.07367272057929708 
0.29384320527366603 
0.8896352065262532 
0.9141449316053487 
0.3115755270837317 
0.785491750301052 
0.05361114504028719 
0.9848698760922343 
0.9349582801396445 
0.3744781893313328 
0.684616631345155 
0.9491146723167804 
0.16094753708467002 
0.44678604410863676 
0.25350414048893344 
0.7205399009376928 
0.43777935455711137 
0.2919161165418499 
0.19629402565557397 
0.9492303895603833 
0.7775171845209636 
0.7846524619389748 
0.7211953463757138 
0.26899947748905984 
0.29543958579280327 
