0.8078337554332202 
0.7187865390605346 
0.003919516853492566 
0.9044781259842513 
0.6118881020096233 
0.6248677579716019 
0.2420861301763475 
0.7319116202449067 
0.773217375117452 
0.06825160595918867 
0.892864501122236 
0.01769895451128467 
0.7789573231053515 
0.6914647793627681 
0.8762298201737674 
0.9352602025547517 
0.7321025931019989 
0.6831852115499392 
0.38393364430656496 
0.3898548993010633 
0.6897671954782607 
0.6413208438504833 
0.5943187051052568 
0.8998046735444926 
0.5900223083835378 
0.6251796547817605 
0.4407954846401271 
0.9663327416640012 
0.7487568254289301 
0.9465277076126191 
0.6697767642800443 
0.40359583029478596 
0.5765928276832935 
0.4319029205665339 
0.44873651631761413 
0.5687269147834322 
0.01703315875000533 
0.6705868454810117 
0.8821688085703997 
0.6187253117661655 
0.9895137008503372 
0.7057882687329503 
0.0536831771784585 
0.8610940015866032 
0.4501985254044545 
0.4025580701865755 
0.506578117059773 
0.5510713637255663 
0.6332893642631302 
0.060863406131484554 
0.27719829956634423 
0.6368945811243407 
0.8242876500916819 
0.3066464071596289 
0.35358482230758403 
0.3709243369548486 
0.7661154647050811 
0.33306457309394977 
0.8637734988214253 
0.8117705891485764 
0.363888390652938 
0.8210493699161008 
0.2727048010218225 
0.3929721328612684 
0.24190769598037032 
0.7557014690960487 
0.9205300673049148 
0.7922653090632231 
0.4240535144952081 
0.8069070856365272 
0.7862403780964868 
0.31330844964009996 
0.7654660254620188 
0.8715705805667947 
0.9352160039308587 
0.9694970852159318 
0.7870717393555738 
0.06726883901047387 
0.28574118542909266 
0.7998407093279842 
0.6420262203398716 
0.24586640777705104 
0.655260569768999 
0.19005919086491696 
0.020396482277381667 
0.027710047101008994 
0.7722847253043876 
0.9103416847776562 
0.05459353501153197 
0.4932474924948007 
0.8090511213433089 
0.26809492375133814 
0.27243790656266886 
0.7682142634411692 
0.021652699836178235 
0.2550775998796859 
0.8350201816321547 
0.9739559382591941 
0.14320261178719096 
0.9781790281886463 
0.8078337554332202 
0.7187865390605346 
0.003919516853492566 
0.9044781259842513 
0.6118881020096233 
0.6248677579716019 
0.2420861301763475 
0.7319116202449067 
0.773217375117452 
0.06825160595918867 
0.892864501122236 
0.01769895451128467 
0.7789573231053515 
0.6914647793627681 
0.8762298201737674 
0.9352602025547517 
0.7321025931019989 
0.6831852115499392 
0.38393364430656496 
0.3898548993010633 
0.6897671954782607 
0.6413208438504833 
0.5943187051052568 
0.8998046735444926 
0.5900223083835378 
0.6251796547817605 
0.4407954846401271 
0.9663327416640012 
0.7487568254289301 
0.9465277076126191 
0.6697767642800443 
0.40359583029478596 
0.5765928276832935 
0.4319029205665339 
0.44873651631761413 
0.5687269147834322 
0.01703315875000533 
0.6705868454810117 
0.8821688085703997 
0.6187253117661655 
0.9895137008503372 
0.7057882687329503 
0.0536831771784585 
0.8610940015866032 
0.4501985254044545 
0.4025580701865755 
0.506578117059773 
0.5510713637255663 
0.6332893642631302 
0.060863406131484554 
0.27719829956634423 
0.6368945811243407 
0.8242876500916819 
0.3066464071596289 
0.35358482230758403 
0.3709243369548486 
0.7661154647050811 
0.33306457309394977 
0.8637734988214253 
0.8117705891485764 
0.363888390652938 
0.8210493699161008 
0.2727048010218225 
0.3929721328612684 
0.24190769598037032 
0.7557014690960487 
0.9205300673049148 
0.7922653090632231 
0.4240535144952081 
0.8069070856365272 
0.7862403780964868 
0.31330844964009996 
0.7654660254620188 
0.8715705805667947 
0.9352160039308587 
0.9694970852159318 
0.7870717393555738 
0.06726883901047387 
0.28574118542909266 
0.7998407093279842 
0.6420262203398716 
0.24586640777705104 
0.655260569768999 
0.19005919086491696 
0.020396482277381667 
0.027710047101008994 
0.7722847253043876 
0.9103416847776562 
0.05459353501153197 
0.4932474924948007 
0.8090511213433089 
0.26809492375133814 
0.27243790656266886 
0.7682142634411692 
0.021652699836178235 
0.2550775998796859 
0.8350201816321547 
0.9739559382591941 
0.14320261178719096 
0.9781790281886463 
